     29   14
    1.0000         0         0         0         0         0         0         0         0         0         0         0         0         0
         0    1.0000         0         0         0         0         0         0         0         0         0         0         0         0
         0         0         0         0         0    1.0000         0         0         0         0         0         0         0         0
         0         0         0         0         0         0    1.0000         0         0         0         0         0         0         0
         0         0         0         0         0         0         0    1.0000         0         0         0         0         0         0
         0         0         0         0         0         0         0         0         0         0         0    1.0000         0         0
         0         0         0         0         0         0         0         0         0         0         0         0    1.0000         0
         0         0         0         0         0         0         0         0         0         0         0         0         0    1.0000
  -16.9005   33.3743   -5.0513   -5.6715   -5.7511         0         0         0         0         0         0         0         0         0
         0   -5.0513   10.8982   -5.8469         0         0         0         0         0         0         0         0         0         0
   -4.4835   -5.7511         0  -23.7473   38.2394   -4.2574         0         0         0         0         0         0         0         0
         0         0         0         0   -4.2574   20.8706         0         0         0         0   -5.0277   -3.9092   -7.6764         0
         0         0         0         0         0         0   -5.6770    5.6770         0         0         0         0         0         0
         0         0         0         0         0   -5.0277         0         0         0   -5.2064   10.2341         0         0         0
         0         0         0         0         0   -3.9092         0         0         0         0         0    8.9122   -5.0030         0
         0         0         0         0         0   -7.6764         0         0         0         0         0   -5.0030   15.5528   -2.8734
         0         0         0         0         0         0         0         0   -3.6985         0         0         0   -2.8734    6.5719
    4.4835         0         0         0   -4.4835         0         0         0         0         0         0         0         0         0
         0    5.7511         0         0   -5.7511         0         0         0         0         0         0         0         0         0
         0    5.6715         0   -5.6715         0         0         0         0         0         0         0         0         0         0
         0         0    5.8469   -5.8469         0         0         0         0         0         0         0         0         0         0
         0         0         0         0         0         0         0         0    3.6985         0         0         0         0   -3.6985
         0         0         0         0         0         0         0         0         0    5.2064   -5.2064         0         0         0
         0         0         0         0         0    3.9092         0         0         0         0         0   -3.9092         0         0
         0         0         0         0         0         0         0         0         0         0         0         0    2.8734   -2.8734
         0         0         0         0    4.2574   -4.2574         0         0         0         0         0         0         0         0
         0         0         0    4.8895         0         0   -4.8895         0         0         0         0         0         0         0
         0         0         0         0         0         0    5.6770   -5.6770         0         0         0         0         0         0
         0         0         0         0         0         0    9.0901         0   -9.0901         0         0         0         0         0